[param]
clamp_T = [194.86772013,  67.76203553,  -7.95402287]
camera_T = [106.214,  36.812,  77.236]
RotationMartix = [[ 0.006, -0.032,  1.014],
 [-0.996, -0.007,  0.002],
 [ 0.009, -1.001, -0.026]]
qrcode = [868.89256619, 84.9035816, 264.15139471]

arm_ip = 192.168.10.36
arm_port = 9760
camera_ip = 192.168.10.159
camera_port = 8080